40.997825 39.745689
40.997892 39.745604
40.997752 39.745768
40.999733 39.736747
40.999710 39.736865
40.999754 39.736627
40.997406 39.722136
40.997315 39.722129
40.997498 39.722140
40.996619 39.721983
40.996708 39.721997
40.996530 39.72192
40.993722 39.721633
40.993631 39.721614
40.993801 39.721678
40.991261 39.721061
40.991189 39.721002
40.991331 39.721148
40.994404 39.720036
40.994314 39.720059
40.994495 39.720016
40.996300 39.715781
40.996364 39.715697
40.996232 39.715857
40.995544 39.713067
40.995633 39.713094
40.995455 39.713037
40.993733 39.710960
40.993823 39.711001
40.993654 39.710923
40.998030 39.764109
40.997863 39.766517
40.997234 39.768422
40.994920 39.767458
40.995698 39.767464
40.997534 39.769484
40.997430 39.771109
40.997427 39.771604
40.995724 39.773585
40.994734 39.774590
40.993951 39.775415
40.993196 39.776072
40.993875 39.775611
40.995650 39.773794
40.997144 39.772330
40.997520 39.771846
40.997582 39.770620
40.997635 39.769768
40.997310 39.768401
40.995869 39.767374
40.994885 39.767040
40.997911 39.766778
40.998143 39.764572









